Process 21356 - 2023-07-17 22:16:38.414974
Process 21356 - 2023-07-17 22:16:38.424975
Process 15168 - 2023-07-17 22:16:38.429974
Process 21356 - 2023-07-17 22:16:38.434974
Process 13032 - 2023-07-17 22:16:38.439975
Process 21356 - 2023-07-17 22:16:38.443975
Process 13032 - 2023-07-17 22:16:38.448974
Process 21356 - 2023-07-17 22:16:38.452972
Process 13032 - 2023-07-17 22:16:38.454974
Process 13032 - 2023-07-17 22:16:38.461973
Process 1896 - 2023-07-17 22:16:38.488974
Process 1896 - 2023-07-17 22:16:38.493974
Process 1896 - 2023-07-17 22:16:38.498974
Process 1896 - 2023-07-17 22:16:38.502973
Process 1896 - 2023-07-17 22:16:38.507974
Process 10192 - 2023-07-17 22:16:38.576981
Process 10192 - 2023-07-17 22:16:38.582972
Process 10192 - 2023-07-17 22:16:38.588975
Process 10192 - 2023-07-17 22:16:38.593975
Process 10192 - 2023-07-17 22:16:38.599978
Process 23340 - 2023-07-17 22:16:38.616974
Process 23340 - 2023-07-17 22:16:38.622973
Process 23340 - 2023-07-17 22:16:38.627975
Process 23340 - 2023-07-17 22:16:38.631973
Process 23340 - 2023-07-17 22:16:38.636972
Process 17244 - 2023-07-17 22:16:38.728973
Process 17244 - 2023-07-17 22:16:38.733974
Process 17244 - 2023-07-17 22:16:38.738974
Process 17244 - 2023-07-17 22:16:38.743975
Process 17244 - 2023-07-17 22:16:38.749975
Process 21012 - 2023-07-17 22:16:38.780976
Process 21012 - 2023-07-17 22:16:38.786975
Process 21012 - 2023-07-17 22:16:38.790973
Process 21012 - 2023-07-17 22:16:38.796973
Process 21012 - 2023-07-17 22:16:38.800974
